data(0,0)1
data(1,0)1
data(1,1)1
data(2,0)1
data(2,1)2
data(2,2)1
data(3,0)1
data(3,1)3
data(3,2)3
data(3,3)1
data(4,0)1
data(4,1)4
data(4,2)6
data(4,3)4
data(4,4)1
data(5,0)1
data(5,1)5
data(5,2)10
data(5,3)10
data(5,4)5
data(5,5)1
data(6,0)1
data(6,1)6
data(6,2)15
data(6,3)20
data(6,4)15
data(6,5)6
data(6,6)1
data(7,0)1
data(7,1)7
data(7,2)21
data(7,3)35
data(7,4)35
data(7,5)21
data(7,6)7
data(7,7)1
data(8,0)1
data(8,1)8
data(8,2)28
data(8,3)56
data(8,4)70
data(8,5)56
data(8,6)28
data(8,7)8
data(8,8)1
data(9,0)1
data(9,1)9
data(9,2)36
data(9,3)84
data(9,4)126
data(9,5)126
data(9,6)84
data(9,7)36
data(9,8)9
data(9,9)1
data(10,0)1
data(10,1)10
data(10,2)45
data(10,3)120
data(10,4)210
data(10,5)252
data(10,6)210
data(10,7)120
data(10,8)45
data(10,9)10
data(10,10)1
data(11,0)1
data(11,1)11
data(11,2)55
data(11,3)165
data(11,4)330
data(11,5)462
data(11,6)462
data(11,7)330
data(11,8)165
data(11,9)55
data(11,10)11
data(11,11)1
data(12,0)1
data(12,1)12
data(12,2)66
data(12,3)220
data(12,4)495
data(12,5)792
data(12,6)924
data(12,7)792
data(12,8)495
data(12,9)220
data(12,10)66
data(12,11)12
data(12,12)1
data(13,0)1
data(13,1)13
data(13,2)78
data(13,3)286
data(13,4)715
data(13,5)1287
data(13,6)1716
data(13,7)1716
data(13,8)1287
data(13,9)715
data(13,10)286
data(13,11)78
data(13,12)13
data(13,13)1
data(14,0)1
data(14,1)0
data(14,2)0
data(14,3)0
data(14,4)1001
data(14,5)0
data(14,6)3003
data(14,7)0
data(14,8)3003
data(14,9)0
data(14,10)1001
data(14,11)0
data(14,12)91
data(14,13)0
data(14,14)1
data(15,0)1
data(15,1)15
data(15,2)0
data(15,3)0
data(15,4)0
data(15,5)3003
data(15,6)0
data(15,7)6435
data(15,8)6435
data(15,9)0
data(15,10)3003
data(15,11)1365
data(15,12)455
data(15,13)0
data(15,14)15
data(15,15)0
data(16,0)1
data(16,1)16
data(16,2)0
data(16,3)560
data(16,4)0
data(16,5)4368
data(16,6)8008
data(16,7)11440
data(16,8)12870
data(16,9)11440
data(16,10)8008
data(16,11)4368
data(16,12)1820
data(16,13)560
data(16,14)120
data(16,15)16
data(16,16)1
data(17,0)1
data(17,1)17
data(17,2)136
data(17,3)680
data(17,4)2380
data(17,5)6188
data(17,6)12376
data(17,7)19448
data(17,8)24310
data(17,9)24310
data(17,10)19448
data(17,11)12376
data(17,12)6188
data(17,13)2380
data(17,14)680
data(17,15)136
data(17,16)17
data(17,17)1
data(18,0)1
data(18,1)18
data(18,2)153
data(18,3)816
data(18,4)3060
data(18,5)8568
data(18,6)18564
data(18,7)31824
data(18,8)43758
data(18,9)48620
data(18,10)43758
data(18,11)31824
data(18,12)18564
data(18,13)8568
data(18,14)3060
data(18,15)816
data(18,16)153
data(18,17)18
data(18,18)1
data(19,0)1
data(19,1)19
data(19,2)171
data(19,3)969
data(19,4)3876
data(19,5)11628
data(19,6)27132
data(19,7)50388
data(19,8)75582
data(19,9)92378
data(19,10)92378
data(19,11)75582
data(19,12)50388
data(19,13)27132
data(19,14)11628
data(19,15)3876
data(19,16)969
data(19,17)171
data(19,18)19
data(19,19)1
data(20,0)1
data(20,1)20
data(20,2)190
data(20,3)1140
data(20,4)4845
data(20,5)15504
data(20,6)38760
data(20,7)77520
data(20,8)125970
data(20,9)167960
data(20,10)184756
data(20,11)167960
data(20,12)125970
data(20,13)77520
data(20,14)38760
data(20,15)15504
data(20,16)4845
data(20,17)1140
data(20,18)190
data(20,19)20
data(20,20)1
data(21,0)1
data(21,1)21
data(21,2)210
data(21,3)1330
data(21,4)5985
data(21,5)20349
data(21,6)54264
data(21,7)116280
data(21,8)203490
data(21,9)293930
data(21,10)352716
data(21,11)352716
data(21,12)293930
data(21,13)203490
data(21,14)116280
data(21,15)54264
data(21,16)20349
data(21,17)5985
data(21,18)1330
data(21,19)210
data(21,20)21
data(21,21)1
data(22,0)1
data(22,1)22
data(22,2)231
data(22,3)1540
data(22,4)7315
data(22,5)26334
data(22,6)74613
data(22,7)170544
data(22,8)319770
data(22,9)497420
data(22,10)646646
data(22,11)705432
data(22,12)646646
data(22,13)497420
data(22,14)319770
data(22,15)170544
data(22,16)74613
data(22,17)26334
data(22,18)7315
data(22,19)1540
data(22,20)231
data(22,21)22
data(22,22)1
data(23,0)1
data(23,1)23
data(23,2)253
data(23,3)1771
data(23,4)8855
data(23,5)33649
data(23,6)100947
data(23,7)245157
data(23,8)490314
data(23,9)817190
data(23,10)1144066
data(23,11)1352078
data(23,12)1352078
data(23,13)1144066
data(23,14)817190
data(23,15)490314
data(23,16)245157
data(23,17)100947
data(23,18)33649
data(23,19)8855
data(23,20)1771
data(23,21)253
data(23,22)23
data(23,23)1
data(24,0)1
data(24,1)24
data(24,2)276
data(24,3)2024
data(24,4)10626
data(24,5)42504
data(24,6)134596
data(24,7)346104
data(24,8)0
data(24,9)1307504
data(24,10)0
data(24,11)2496144
data(24,12)0
data(24,13)2496144
data(24,14)0
data(24,15)1307504
data(24,16)735471
data(24,17)0
data(24,18)0
data(24,19)0
data(24,20)0
data(24,21)0
data(24,22)276
data(24,23)24
data(24,24)1
data(25,0)1
data(25,1)25
data(25,2)300
data(25,3)2300
data(25,4)12650
data(25,5)53130
data(25,6)177100
data(25,7)480700
data(25,8)1081575
data(25,9)2042975
data(25,10)3268760
data(25,11)4457400
data(25,12)5200300
data(25,13)5200300
data(25,14)4457400
data(25,15)3268760
data(25,16)2042975
data(25,17)1081575
data(25,18)480700
data(25,19)177100
data(25,20)53130
data(25,21)12650
data(25,22)2300
data(25,23)300
data(25,24)25
data(25,25)1
data(26,0)1
data(26,1)26
data(26,2)325
data(26,3)2600
data(26,4)14950
data(26,5)65780
data(26,6)230230
data(26,7)657800
data(26,8)1562275
data(26,9)3124550
data(26,10)5311735
data(26,11)7726160
data(26,12)9657700
data(26,13)10400600
data(26,14)9657700
data(26,15)7726160
data(26,16)5311735
data(26,17)3124550
data(26,18)1562275
data(26,19)657800
data(26,20)230230
data(26,21)65780
data(26,22)14950
data(26,23)2600
data(26,24)325
data(26,25)26
data(26,26)1
data(27,0)1
data(27,1)27
data(27,2)351
data(27,3)2925
data(27,4)17550
data(27,5)80730
data(27,6)296010
data(27,7)888030
data(27,8)2220075
data(27,9)4686825
data(27,10)8436285
data(27,11)13037895
data(27,12)17383860
data(27,13)20058300
data(27,14)20058300
data(27,15)17383860
data(27,16)13037895
data(27,17)8436285
data(27,18)4686825
data(27,19)2220075
data(27,20)888030
data(27,21)296010
data(27,22)80730
data(27,23)17550
data(27,24)2925
data(27,25)351
data(27,26)27
data(27,27)1
